Date Time Ozone Wind_direction Wind_speed 
20210726   00 9.000 213.0 4.00 
20210726   01 8.000 222.0 4.20 
20210726   02 7.000 232.0 3.20 
20210726   03 5.000 215.0 2.80 
20210726   04 3.000 246.0 2.30 
20210726   05 0.000 262.0 0.60 
20210726   06 1.000 221.0 1.60 
20210726   07 6.000 243.0 4.50 
20210726   08 12.00 242.0 4.50 
20210726   09 16.00 270.0 3.10 
20210726   10 27.00 311.0 3.10 
20210726   11 48.00 255.0 1.80 
20210726   12 77.00 242.0 2.50 
20210726   13 98.00 235.0 0.60 
20210726   14 118.0 116.0 3.20 
20210726   15 130.0 88.00 3.50 
20210726   16 123.0 116.0 4.30 
20210726   17 107.0 105.0 6.60 
20210726   18 80.00 108.0 6.20 
20210726   19 35.00 161.0 6.20 
20210726   20 29.00 167.0 5.00 
20210726   21 21.00 183.0 3.70 
20210726   22 18.00 205.0 4.60 
20210726   23 15.00 198.0 4.60 
