Houston-Galveston-Brazoria
, Houston East C1/G316, 2, Reg,35,30,35,33,35,37,34,32,35,29,40,46,35,36,23,20,12,18,29,38,28,25,4,NA,9,24,60,40,35,33,33
, Houston Aldine C8/AF108/X150 , 2, Reg,41,38,38,34,38,41,38,33,48,45,49,55,45,43,28,32,22,27,37,45,32,30,10,29,29,33,49,42,47,44,48
, Channelview C15/AH115 , 3, Reg,42,40,39,38,36,38,35,31,38,44,43,44,46,44,27,31,28,23,39,43,33,35,7,26,28,29,37,38,44,40,45
, Northwest Harris Co. C26/A110/X154, 2, Reg,40,40,34,34,38,39,38,32,32,45,38,52,44,42,30,34,25,29,36,45,33,26,8,28,28,34,30,39,49,40,47
, Hou.DeerPrk2 C35/235/1001/AFH139FP239, 1, Reg,40,36,37,36,35,NA,26,28,32,40,41,43,38,34,29,24,18,17,33,35,27,26,4,21,25,22,37,34,45,37,45
, Seabrook Friendship Park C45, 1, Reg,39,39,38,38,37,37,38,33,53,41,44,48,46,42,42,36,23,21,37,44,36,31,10,26,30,37,25,47,43,43,46
, Houston Bayland Park C53/A146 , 1, Reg,37,34,32,33,34,35,34,28,39,37,39,47,40,36,26,26,17,23,34,40,34,25,8,21,23,30,72,38,41,37,41
, Conroe Relocated C78/A321, 1, Reg,39,37,35,35,35,40,37,35,41,43,44,52,41,43,26,35,26,29,35,43,33,27,7,30,28,28,31,37,45,40,42
, Houston Regional Office C81, 1, Reg,36,29,24,19,20,24,20,22,23,34,33,35,36,32,14,15,13,13,28,32,20,15,4,17,17,27,58,32,38,33,38
, Manvel Croix Park C84, 1, Reg,40,37,35,36,37,38,35,30,39,41,43,52,44,39,35,37,16,20,38,45,44,37,6,24,25,32,51,44,44,42,47
, Clinton C403/C304/AH113 , 3, Reg,39,33,31,22,32,36,30,28,33,35,40,45,45,40,25,26,21,22,36,42,29,28,8,24,24,23,82,33,39,35,33
, Houston North Wayside C405/C1033, 1, Reg,36,31,33,31,29,34,30,26,33,33,34,43,39,35,23,25,15,22,31,40,32,26,8,24,25,23,60,33,41,36,40
, Houston Monroe C406, 1, Reg,37,32,33,30,34,36,33,30,30,37,36,46,37,35,29,27,14,18,32,42,35,32,5,21,25,21,39,38,38,37,42
, Lang C408, 2, Reg,37,31,27,23,31,34,31,29,27,36,34,47,38,32,20,24,17,25,33,37,27,17,7,22,25,33,67,34,38,33,43
, Houston Croquet C409, 2, Reg,38,36,34,33,34,36,33,29,41,39,41,48,41,41,31,26,17,22,35,42,35,30,8,20,24,28,79,40,42,40,44
, Houston Westhollow C410/C3003, 1, Reg,35,34,30,30,32,32,30,27,31,34,35,47,39,29,18,25,18,23,32,39,31,24,6,20,22,28,69,33,41,34,39
, Houston Texas Avenue C411, 1, Reg,37,30,32,27,32,35,31,29,27,30,32,45,41,35,20,24,13,20,31,41,27,17,5,21,21,29,73,34,39,35,36
, Park Place C416, 1, Reg,37,31,33,31,33,37,34,30,28,35,38,46,40,38,26,20,12,16,32,40,33,27,4,20,23,25,56,38,38,36,40
, Sheldon C551, 1, Non,40,38,36,32,31,33,12,NA,NA,41,42,44,44,43,21,29,28,24,37,40,31,32,8,27,28,28,38,39,45,38,46
, Baytown Wetlands Center C552, 1, Non,40,38,39,39,31,33,41,30,40,42,40,50,44,45,33,34,25,22,38,42,38,34,10,24,28,28,27,45,44,41,39
, Crosby Library C553, 1, Non,40,39,40,38,36,38,41,30,41,44,46,53,43,43,34,34,28,24,37,42,35,38,8,27,29,29,42,45,45,42,46
, West Houston C554, 1, Non,40,38,34,34,37,38,36,32,33,40,41,52,43,34,24,29,22,26,36,44,29,25,10,26,28,33,72,38,47,40,46
, Kingwood Library C555, 1, Non,38,35,36,36,32,36,35,29,44,35,44,48,41,39,28,31,25,23,33,42,33,29,8,27,29,29,29,42,42,41,39
, La Porte Sylvan Beach C556, 1, Non,40,40,39,38,35,38,39,33,47,41,45,50,43,36,34,30,17,18,35,40,33,25,14,40,46,56,40,39,NA,NA,NA
, Mercer Arboretum C557, 1, Non,38,36,38,36,34,38,36,30,48,42,41,52,43,43,28,33,21,27,33,43,32,28,10,27,28,31,29,39,41,41,43
, Tom Bass C558, 1, Non,41,37,38,38,37,39,36,31,44,40,45,54,44,40,31,30,15,19,35,45,40,34,5,22,25,28,55,43,45,44,46
, Katy Park C559, 1, Non,41,40,37,33,37,37,35,30,39,44,41,51,45,37,33,30,26,30,35,45,37,29,10,27,28,36,56,37,46,42,47
, Atascocita C560, 1, Non,39,37,40,38,35,40,38,31,50,39,45,49,43,41,29,34,25,24,37,41,33,28,9,28,29,32,39,46,46,42,44
, Meyer Park C561, 1, Non,41,38,33,35,36,38,36,32,34,42,41,52,44,41,29,30,26,27,38,46,31,28,10,27,29,34,58,39,52,39,46
, Bunker Hill Village C562, 1, Non,41,38,33,33,35,37,37,32,35,41,40,52,45,36,25,27,20,25,38,43,36,25,10,25,26,33,63,39,46,39,44
, Clear Brook High School C570, 1, Non,39,33,32,26,27,27,25,27,34,33,38,39,43,36,35,32,14,16,34,42,43,33,5,24,27,25,23,32,40,40,34
, Clear Lake High School C572, 1, Non,41,39,38,33,32,32,31,29,39,37,40,46,43,40,35,35,16,17,33,39,33,32,6,23,26,20,20,37,37,38,39
, HRM-3 Haden Road C603/A114 , 1, Non,36,33,31,30,33,34,29,27,31,35,40,44,40,38,23,27,17,21,31,39,29,33,6,22,25,25,46,34,40,36,41
, Wallisville Road C617 , 1, Non,47,46,47,46,42,44,45,36,54,54,50,59,53,54,35,38,32,26,41,44,38,48,11,28,32,26,62,52,49,44,50
, Danciger C618 , 1, Non,38,37,37,36,35,36,35,29,43,42,45,45,44,42,33,38,19,19,33,43,36,34,6,22,24,30,46,39,41,43,45
, Mustang Bayou C619 , 1, Non,36,32,35,39,36,38,39,34,44,39,39,46,42,39,39,39,17,20,37,43,41,38,13,26,28,NA,NA,NA,38,50,52
, Texas City 34th St. C620 , 1, Non,41,39,38,39,34,35,36,30,31,36,40,49,41,39,44,44,22,24,37,46,41,33,9,25,28,22,25,47,42,43,35
, Lynchburg Ferry C1015/A165 , 1, Reg,34,31,32,26,26,29,20,22,29,36,34,35,33,38,25,23,18,17,29,35,26,17,5,20,24,22,18,24,37,34,45
, Lake Jackson C1016 , 1, Reg,39,NA,37,37,36,36,35,31,31,40,42,43,49,38,41,41,15,21,37,44,38,36,9,23,27,30,34,42,40,41,46
, Galveston 99th St. C1034/A320/X183, 1, Reg,40,39,38,39,40,39,36,34,32,37,45,46,41,42,45,44,26,23,37,43,43,38,12,25,32,30,33,49,41,42,44